lat: -0.3978926
long: 36.9609999